0  1  0.30576470588235294
1  2  0.4338823529411765
2  3  0.4854117647058824
3  4  0.45505882352941174
4  5  0.44188235294117645
5  6  0.4948235294117647
6  7  0.5475294117647059
7  8  0.5495294117647059
8  9  0.5709411764705883
9  10  0.5767058823529412
10  11  0.577764705882353
11  12  0.5807058823529412
12  13  0.6074117647058823
13  14  0.6001176470588235
14  15  0.6297647058823529
15  16  0.6404705882352941
16  17  0.6395294117647059
17  18  0.656235294117647
18  19  0.6588235294117647
19  20  0.6721176470588235
20  21  0.6797647058823529
21  22  0.6823529411764706
22  23  0.6837647058823529
23  24  0.6847058823529412
24  25  0.6896470588235294
25  26  0.6883529411764706
26  27  0.6925882352941176
27  28  0.6963529411764706
28  29  0.6932941176470588
29  30  0.6985882352941176
30  31  0.6996470588235294
31  32  0.6755294117647059
32  33  0.6188235294117647
33  34  0.6218823529411764
34  35  0.6122352941176471
35  36  0.6054117647058823
36  37  0.5811764705882353
37  38  0.5731764705882353
38  39  0.5598823529411765
39  40  0.5632941176470588
40  41  0.5438823529411765
41  42  0.5545882352941176
42  43  0.5652941176470588
43  44  0.5578823529411765
44  45  0.5664705882352942
45  46  0.5412941176470588
46  47  0.5487058823529412
47  48  0.5411764705882353
48  49  0.5295294117647059
49  50  0.5377647058823529
50  51  0.5215294117647059
51  52  0.5201176470588236
52  53  0.5117647058823529
53  54  0.5090588235294118
54  55  0.5088235294117647
55  56  0.4956470588235294
56  57  0.49611764705882355
57  58  0.48858823529411766
58  59  0.47611764705882353
59  60  0.4956470588235294
60  61  0.48070588235294115
61  62  0.4657647058823529
62  63  0.458
