0   214
1   151
2   440
3   413
4   605
5   549
6   520
7   514
8   336
9   353
10   653
11   749
12   797
13   590
14   955
15   761
16   616
17   662
18   695
19   898
20   1000
21   822
22   780
23   670
24   634
25   687
26   819
27   767
28   686
29   585
30   761
31   753
32   783
33   885
34   929
35   868
36   965
37   789
38   782
39   701
40   764
41   372
42   688
43   953
44   714
45   982
46   786
47   867
48   731
49   884
50   594
51   735
52   703
53   670
54   873
55   767
56   785
57   492
58   1000
59   948
60   809
61   857
62   905
63   671
64   794
65   501
66   853
67   840
68   951
69   873
70   780
71   695
72   809
73   867
74   426
75   511
76   437
77   880
78   777
79   621
80   912
81   834
82   755
83   665
84   814
85   811
86   593
87   797
88   911
89   761
90   974
91   596
92   903
93   916
94   687
95   769
96   745
97   818
98   835
99   716
100   878
101   664
102   525
103   629
104   462
105   494
106   496
107   731
108   797
109   649
110   866
111   735
112   900
113   757
114   727
115   688
116   866
117   686
118   576
119   805
120   527
121   504
122   729
123   577
124   493
125   40
126   43
