0  1  0.42175
1  2  0.4565
2  3  0.495
3  4  0.515
4  5  0.55025
5  6  0.583
6  7  0.58525
7  8  0.59
8  9  0.61225
9  10  0.6145
10  11  0.6495
11  12  0.66775
12  13  0.67775
13  14  0.71325
14  15  0.70875
15  16  0.71625
16  17  0.72125
17  18  0.726
18  19  0.73
19  20  0.74125
20  21  0.75625
21  22  0.74675
22  23  0.73725
23  24  0.7415
24  25  0.74725
25  26  0.7645
26  27  0.76175
27  28  0.76175
28  29  0.76675
29  30  0.76625
30  31  0.75575
31  32  0.767
32  33  0.77525
33  34  0.75875
34  35  0.75825
35  36  0.7735
36  37  0.76325
37  38  0.765
38  39  0.77
39  40  0.76375
40  41  0.76725
41  42  0.75975
42  43  0.788
43  44  0.76675
44  45  0.771
45  46  0.7845
46  47  0.76575
47  48  0.776
48  49  0.77875
49  50  0.78175
50  51  0.78075
51  52  0.77025
52  53  0.775
53  54  0.785
54  55  0.7665
55  56  0.7755
56  57  0.76475
57  58  0.775
58  59  0.7685
59  60  0.771
60  61  0.7685
61  62  0.77775
62  63  0.771
63  64  0.7505
64  65  0.722
65  66  0.71575
66  67  0.7065
67  68  0.70775
68  69  0.7105
69  70  0.705
70  71  0.706
71  72  0.683
72  73  0.684
73  74  0.6885
74  75  0.67075
75  76  0.6705
76  77  0.6705
77  78  0.65775
78  79  0.66775
79  80  0.66275
80  81  0.65375
81  82  0.66975
82  83  0.69225
83  84  0.6795
84  85  0.679
85  86  0.69825
86  87  0.66325
87  88  0.67475
88  89  0.6695
89  90  0.66875
90  91  0.676
91  92  0.667
92  93  0.64975
93  94  0.66575
94  95  0.64825
95  96  0.66025
96  97  0.65
97  98  0.65625
98  99  0.64525
99  100  0.635
100  101  0.61575
101  102  0.6365
102  103  0.6265
103  104  0.616
104  105  0.61325
105  106  0.61725
106  107  0.612
107  108  0.63125
108  109  0.601
109  110  0.61925
110  111  0.60775
111  112  0.6105
112  113  0.5925
113  114  0.6095
114  115  0.60125
115  116  0.5845
116  117  0.57
117  118  0.58475
118  119  0.586
119  120  0.56225
120  121  0.549
121  122  0.545
122  123  0.53075
123  124  0.52125
124  125  0.518
125  126  0.4555
126  127  0.38825
